i1:
  j_xyz: 0.0 0.0 0.5
  j_rpy: 0.0 -0.0 0.0
  l_xyz: 0 0 0.25
  l_rpy: 0 0 0
  l_len: 0.5
i3:
  j_xyz: 0.0 -0.499999841466 0.000398163355367
  j_rpy: 0.785398004863 -1.5696701507 0.785398004863
  l_xyz: 0 0 0.000199081677683
  l_rpy: 0 0 0
  l_len: 0.5
i2:
  j_xyz: 0.0 -0.499999841466 0.000398163355367
  j_rpy: 0.785398004863 -1.5696701507 0.785398004863
  l_xyz: 0 0 0.000199081677683
  l_rpy: 0 0 0
  l_len: 0.5
