i1:
  j_xyz: 0.0 0.0 0.5
  j_rpy: 0.0 -0.0 0.0
  l_xyz: 0 0 0.25
  l_rpy: 0 0 0
  l_len: 0.5
i3:
  j_xyz: -0.499999365864 0.000796326458243 0.0
  j_rpy: 0.0 -0.0 3.14
  l_xyz: 0 0 0.0
  l_rpy: 0 0 0
  l_len: 0.0
i2:
  j_xyz: 0.0 0.0 0.0
  j_rpy: 0.0 -0.0 1.57
  l_xyz: 0 0 0.0
  l_rpy: 0 0 0
  l_len: 0.0
